4511505646      8269602143      4109422289      9512802813
9719507355      8778916370      1819092471      5121205544
2128181983      0866804038      5221319818      9612504377
1573396311      5997321797      3453724419      6896303110
1785354339      8878740617      7349814233      2937843344
8460913226      3531963369      6372191402      3507163267
4013480993      2520753941      2520753941      1869670225
7878893094      6757446016      1968939985      8358553198
7147389002      6705939000      5325194449      0495472048
7090075427      7353638951      3716829129      4263728607
4771726882      7603003517      8008775809      4508556944
5990890474      7674209651      8631194361      1514562859
0976047627      0591932447      3081498037      7083466879
6558010721      0832584603      2647844168      7416420333
3419880015      1399708175      5734875438      1389249085
6426253857      8415514150      5886042346      5958087286
5750406578      4919212804      7956160932      4511505646
8269602143      4109422289      9512802813      0942228995
