1819092471      1512120554      4212818198      3086680403
8961250437      8522131981      7157339631      1178535433
3959973217      1002410676      9734537244      1968963031
0770794142      6864326278      4832614796      9059468742
1268945930      0031403016      7721407077      1909663174
9133611791      7405777316      0942490687      0942490687
2528664604      3379127332      2975975604      8759710042
2400667346      9806696564      0013537263      8032131280
4286121266      5923809838      6293716371      8212005075
6542820951      8508130609      2880250654      3021409879
8285424010      3308062698      2120369394      2958704923
1584392506      4511505646      8269602143      4109422289
9512802813      9719507355      8778916370      1819092471
5121205544      2128181983      0866804038      5221319818
9612504377      1573396311      1785354339      5997321797
3453724419      6896303110      8878740617      7349814233
2937843344      3531963369      8460913226      6372191402
3507163267      4013480993      2520753941      2520753941
1869670225      7878893094      6757446016      1968939985
8358553198      7147389002      6705939000      5325194449
0495472048      7090075427      7353638951      3716829129
4263728607      4771726882      7603003517      8008775809
4508556944      5990890474      7674209651      8631194361
1514562859      0976047627      0591932447      3081498037
7083466879      6558010721      0832584603      2647844168
0942228995      9512802813      4511505646      8269602143
4109422289      7956160932      4919212804      5750406578
5958087286      5886042346      8415514150      1399708175
3419880015      7416420333      6426253857      1389249085
5734875438.     4419689630      0311002410      6760770794      1426864326.     2388344106
2784832614      7969059468      3361268945      9300314030
7426734383      7719096631      1749133611      7917405777
3160942490      6872528664      6043379127      3329759756
0487597100      4224006673      6400135372      2638032131
2804286121      2668212005      0756293716      3715923809
8385081306      0930214098      7982854240      1065428209
5415843925      5063308062      6982120369      3942958704
9232808807      5481079952      5281275789      6312638239
3781052238      7194558785      
9689630311      1002410676      0770794142      6864326278
4832614796      9059468742      6734383336      1268945930
1909663174      1909663174      9133611791      7405777316
0942490687      2528664604      3379127332      9759756048
7597100422      9806696564      8032131280      4286121266
0013537263      8212005075      6293716371      5923809838
5081306093      0214098798      1584392506      3308062698
2880250654      5428209512      2120369394      2808807548
1079952528      2638239378      2958704923      9455878523
9455878523      8834410673      0905885746      7379254296
8952559694      2679839717      0449229875      2798788470
9654037430      8990696235      3564108038      1928934475
0662263387      3630465464      4061858110      4051880765
4077263816      9420526429